nodes:
0.000000 0.000000 0.000000
0.200000 0.000000 0.000000
0.400000 0.000000 0.000000
0.600000 0.000000 0.000000
0.800000 0.000000 0.000000
1.000000 0.000000 50.000000
0.000000 0.200000 0.000000
0.200000 0.200000 16.330998
0.400000 0.200000 35.376532
0.600000 0.200000 58.844133
0.800000 0.200000 100.000000
0.000000 0.400000 0.000000
0.200000 0.400000 29.947460
0.400000 0.400000 66.330998
0.600000 0.400000 100.000000
0.000000 0.600000 0.000000
0.200000 0.600000 37.127846
0.400000 0.600000 100.000000
0.000000 0.800000 0.000000
0.200000 0.800000 18.563923
0.000000 1.000000 50.000000
elements:
1 2 7 8.8541188e-12
2 8 7 8.8541188e-12
2 3 8 8.8541188e-12
3 9 8 8.8541188e-12
3 4 9 8.8541188e-12
4 10 9 8.8541188e-12
4 5 10 8.8541188e-12
5 11 10 8.8541188e-12
5 6 11 8.8541188e-12
7 8 12 8.8541188e-12
8 13 12 8.8541188e-12
8 9 13 8.8541188e-12
9 14 13 8.8541188e-12
9 10 14 8.8541188e-12
10 15 14 8.8541188e-12
10 11 15 8.8541188e-12
12 13 16 8.8541188e-12
13 17 16 8.8541188e-12
13 14 17 8.8541188e-12
14 18 17 8.8541188e-12
14 15 18 8.8541188e-12
16 17 19 8.8541188e-12
17 20 19 8.8541188e-12
17 18 20 8.8541188e-12
19 20 21 8.8541188e-12
